+-----------------------------------------------------------------------+
|       |                            Время(нс)                          |
| Длина |  Левенштейн   |                Дамерау-Левенштейн             |
|(симв.)|  Итеративный  |  Итеративный  |             Рекурсивный       |
|       |               |               |    Без кэша    |     С кэшом  |
+-----------------------------------------------------------------------+
|     0 |             0 |             0 |             0 |             0 |
|     1 |             0 |             0 |             0 |             0 |
|     2 |         15625 |             0 |             0 |             0 |
|     3 |             0 |             0 |             0 |             0 |
|     4 |         15625 |             0 |             0 |             0 |
|     5 |             0 |             0 |         46875 |             0 |
|     6 |             0 |         15625 |    2.8125e+05 |             0 |
|     7 |             0 |             0 |    1.6094e+06 |             0 |
|     8 |             0 |             0 |      8.75e+06 |             0 |
|     9 |             0 |             0 |    4.8453e+07 |         15625 |